Trace File Name	Well#	Cap#	Trace Score	Contiguous Read Length	QV20+	Signal Intensity (A)	Signal Intensity (C)	Signal Intensity (G)	Signal Intensity (T)	Comments
A_2004-08-24_18-23-44_043630_A02_017_015.ab1	A2	15	22	579	608	84	77	98	90	
A_2004-08-24_18-23-44_043630_A04_049_016.ab1	A4	16	31	932	905	360	248	247	354	
A_2004-08-24_18-23-44_043630_A06_081_031.ab1	A6	31	36	883	881	108	107	142	112	
A_2004-08-24_18-23-44_043630_A08_113_032.ab1	A8	32	31	494	457	70	89	60	94	
A_2004-08-24_18-23-44_043630_A10_145_047.ab1	A10	47	30	823	841	223	225	195	268	
A_2004-08-24_18-23-44_043630_A12_177_048.ab1	A12	48	36	936	899	239	194	206	223	
A_2004-08-24_18-23-44_043630_A14_209_063.ab1	A14	63	35	875	913	629	493	451	592	
A_2004-08-24_18-23-44_043630_A16_241_064.ab1	A16	64	40	888	908	503	323	396	444	
A_2004-08-24_18-23-44_043630_A18_273_079.ab1	A18	79	38	906	908	175	171	207	191	
A_2004-08-24_18-23-44_043630_A20_305_080.ab1	A20	80	39	909	935	303	295	286	332	
A_2004-08-24_18-23-44_043630_A22_337_095.ab1	A22	95	42	1004	954	343	343	293	349	
A_2004-08-24_18-23-44_043630_A24_369_096.ab1	A24	96	19	131	464	201	167	171	236	
A_2004-08-24_18-23-44_043630_C02_019_013.ab1	C2	13	32	839	791	171	187	254	205	
A_2004-08-24_18-23-44_043630_C04_051_014.ab1	C4	14	43	916	939	471	380	365	561	
A_2004-08-24_18-23-44_043630_C06_083_029.ab1	C6	29	38	906	914	498	365	503	537	
A_2004-08-24_18-23-44_043630_C08_115_030.ab1	C8	30	42	889	933	296	303	387	365	
A_2004-08-24_18-23-44_043630_C10_147_045.ab1	C10	45	39	851	917	576	459	473	632	
A_2004-08-24_18-23-44_043630_C12_179_046.ab1	C12	46	39	904	908	404	298	324	445	
A_2004-08-24_18-23-44_043630_C14_211_061.ab1	C14	61	40	939	939	460	312	353	449	
A_2004-08-24_18-23-44_043630_C16_243_062.ab1	C16	62	36	923	910	368	338	363	346	
A_2004-08-24_18-23-44_043630_C18_275_077.ab1	C18	77	37	811	876	155	151	126	159	
A_2004-08-24_18-23-44_043630_C20_307_078.ab1	C20	78	40	926	945	844	710	546	800	
A_2004-08-24_18-23-44_043630_C22_339_093.ab1	C22	93	42	981	965	903	593	606	846	
A_2004-08-24_18-23-44_043630_C24_371_094.ab1	C24	94	42	906	951	940	729	638	1059	
A_2004-08-24_18-23-44_043630_E02_021_011.ab1	E2	11	39	940	939	388	330	302	370	
A_2004-08-24_18-23-44_043630_E04_053_012.ab1	E4	12	42	971	948	786	430	492	827	
A_2004-08-24_18-23-44_043630_E06_085_027.ab1	E6	27	35	905	917	218	189	175	211	
A_2004-08-24_18-23-44_043630_E08_117_028.ab1	E8	28	29	860	882	383	380	398	311	
A_2004-08-24_18-23-44_043630_E10_149_043.ab1	E10	43	21	91	131	170	143	171	133	
A_2004-08-24_18-23-44_043630_E12_181_044.ab1	E12	44	36	909	892	245	202	244	221	
A_2004-08-24_18-23-44_043630_E14_213_059.ab1	E14	59	39	879	869	780	511	625	632	
A_2004-08-24_18-23-44_043630_E16_245_060.ab1	E16	60	42	890	853	416	317	343	287	
A_2004-08-24_18-23-44_043630_E18_277_075.ab1	E18	75	40	872	923	809	648	664	787	
A_2004-08-24_18-23-44_043630_E20_309_076.ab1	E20	76	40	896	927	322	238	237	300	
A_2004-08-24_18-23-44_043630_E22_341_091.ab1	E22	91	42	932	950	1051	640	473	914	
A_2004-08-24_18-23-44_043630_E24_373_092.ab1	E24	92	43	956	941	663	474	444	763	
A_2004-08-24_18-23-44_043630_G02_023_009.ab1	G2	9	43	949	934	791	564	522	885	
A_2004-08-24_18-23-44_043630_G04_055_010.ab1	G4	10	42	948	934	727	600	626	689	
A_2004-08-24_18-23-44_043630_G06_087_025.ab1	G6	25	35	827	868	116	123	125	127	
A_2004-08-24_18-23-44_043630_G08_119_026.ab1	G8	26	40	857	876	335	412	416	339	
A_2004-08-24_18-23-44_043630_G10_151_041.ab1	G10	41	38	877	864	513	479	523	415	
A_2004-08-24_18-23-44_043630_G12_183_042.ab1	G12	42	40	885	899	416	500	570	371	
A_2004-08-24_18-23-44_043630_G14_215_057.ab1	G14	57	38	874	900	479	407	419	480	
A_2004-08-24_18-23-44_043630_G16_247_058.ab1	G16	58	39	919	910	484	366	460	449	
A_2004-08-24_18-23-44_043630_G18_279_073.ab1	G18	73	40	947	947	914	638	768	891	
A_2004-08-24_18-23-44_043630_G20_311_074.ab1	G20	74	41	954	949	771	666	484	880	
A_2004-08-24_18-23-44_043630_G22_343_089.ab1	G22	89	31	918	875	502	532	423	543	
A_2004-08-24_18-23-44_043630_G24_375_090.ab1	G24	90	41	907	935	751	610	470	1176	
A_2004-08-24_18-23-44_043630_I02_025_007.ab1	I2	7	42	899	921	479	463	490	569	
A_2004-08-24_18-23-44_043630_I04_057_008.ab1	I4	8	42	954	956	405	453	384	471	
A_2004-08-24_18-23-44_043630_I06_089_023.ab1	I6	23	41	909	924	289	291	361	414	
A_2004-08-24_18-23-44_043630_I08_121_024.ab1	I8	24	41	926	923	332	461	393	348	
A_2004-08-24_18-23-44_043630_I10_153_039.ab1	I10	39	41	879	910	283	297	284	441	
A_2004-08-24_18-23-44_043630_I12_185_040.ab1	I12	40	8	0	4	86	164	66	155	
A_2004-08-24_18-23-44_043630_I14_217_055.ab1	I14	55	31	768	675	81	93	73	105	
A_2004-08-24_18-23-44_043630_I16_249_056.ab1	I16	56	48	894	852	787	528	616	796	
A_2004-08-24_18-23-44_043630_I18_281_071.ab1	I18	71	39	915	899	717	596	548	687	
A_2004-08-24_18-23-44_043630_I20_313_072.ab1	I20	72	40	904	922	303	389	270	363	
A_2004-08-24_18-23-44_043630_I22_345_087.ab1	I22	87	44	943	948	726	706	793	979	
A_2004-08-24_18-23-44_043630_I24_377_088.ab1	I24	88	44	922	955	1034	960	826	949	
A_2004-08-24_18-23-44_043630_K02_027_005.ab1	K2	5	41	863	907	312	300	312	335	
A_2004-08-24_18-23-44_043630_K04_059_006.ab1	K4	6	42	927	907	556	649	563	575	
A_2004-08-24_18-23-44_043630_K06_091_021.ab1	K6	21	46	921	907	468	506	449	488	
A_2004-08-24_18-23-44_043630_K08_123_022.ab1	K8	22	42	873	889	342	428	394	401	
A_2004-08-24_18-23-44_043630_K10_155_037.ab1	K10	37	39	894	926	312	266	277	303	
A_2004-08-24_18-23-44_043630_K12_187_038.ab1	K12	38	46	822	814	199	207	234	193	
A_2004-08-24_18-23-44_043630_K14_219_053.ab1	K14	53	39	896	935	671	453	425	521	
A_2004-08-24_18-23-44_043630_K16_251_054.ab1	K16	54	40	876	869	623	552	522	688	
A_2004-08-24_18-23-44_043630_K18_283_069.ab1	K18	69	40	933	917	751	552	568	549	
A_2004-08-24_18-23-44_043630_K20_315_070.ab1	K20	70	42	957	956	1218	743	533	1329	
A_2004-08-24_18-23-44_043630_K22_347_085.ab1	K22	85	42	945	943	623	755	558	690	
A_2004-08-24_18-23-44_043630_K24_379_086.ab1	K24	86	44	869	940	1205	1003	843	1104	
A_2004-08-24_18-23-44_043630_M02_029_003.ab1	M2	3	42	924	917	1076	788	783	893	
A_2004-08-24_18-23-44_043630_M04_061_004.ab1	M4	4	43	960	966	805	839	690	821	
A_2004-08-24_18-23-44_043630_M06_093_019.ab1	M6	19	38	964	922	397	616	504	329	
A_2004-08-24_18-23-44_043630_M08_125_020.ab1	M8	20	42	910	918	442	448	459	519	
A_2004-08-24_18-23-44_043630_M10_157_035.ab1	M10	35	40	901	914	522	504	483	536	
A_2004-08-24_18-23-44_043630_M12_189_036.ab1	M12	36	44	495	488	524	472	567	612	
A_2004-08-24_18-23-44_043630_M14_221_051.ab1	M14	51	13	5	181	344	286	353	345	
A_2004-08-24_18-23-44_043630_M16_253_052.ab1	M16	52	31	362	369	732	591	595	774	
A_2004-08-24_18-23-44_043630_M18_285_067.ab1	M18	67	51	759	730	534	407	534	521	
A_2004-08-24_18-23-44_043630_M20_317_068.ab1	M20	68	40	900	908	541	386	535	469	
A_2004-08-24_18-23-44_043630_M22_349_083.ab1	M22	83	42	964	939	1140	661	546	928	
A_2004-08-24_18-23-44_043630_M24_381_084.ab1	M24	84	43	969	939	612	456	436	630	
A_2004-08-24_18-23-44_043630_O02_031_001.ab1	O2	1	46	902	878	558	514	564	637	
A_2004-08-24_18-23-44_043630_O04_063_002.ab1	O4	2	46	840	861	473	384	511	511	
A_2004-08-24_18-23-44_043630_O06_095_017.ab1	O6	17	42	934	928	345	471	355	430	
A_2004-08-24_18-23-44_043630_O08_127_018.ab1	O8	18	42	955	924	649	601	542	688	
A_2004-08-24_18-23-44_043630_O10_159_033.ab1	O10	33	35	307	304	400	607	455	588	
A_2004-08-24_18-23-44_043630_O12_191_034.ab1	O12	34	44	906	878	383	502	389	448	
A_2004-08-24_18-23-44_043630_O14_223_049.ab1	O14	49	40	886	900	326	377	310	338	
A_2004-08-24_18-23-44_043630_O16_255_050.ab1	O16	50	40	908	916	583	444	453	499	
A_2004-08-24_18-23-44_043630_O18_287_065.ab1	O18	65	41	911	934	637	580	547	648	
A_2004-08-24_18-23-44_043630_O20_319_066.ab1	O20	66	37	908	877	773	644	573	654	
A_2004-08-24_18-23-44_043630_O22_351_081.ab1	O22	81	43	888	932	1156	973	760	1303	
A_2004-08-24_18-23-44_043630_O24_383_082.ab1	O24	82	34	324	292	283	320	243	298	
